"TOA5","CR6Series_2","CR6","15361","CR6.Std.10.02","CPU:W20058__CR6CP_EErDuoSi.CR6","35657","Flux_AmeriFluxFormat"
"TIMESTAMP","RECORD","TIMESTAMP_START","TIMESTAMP_END","CO2","CO2_SIGMA","H2O","H2O_SIGMA","FC","FC_SSITC_TEST","LE","LE_SSITC_TEST","ET","ET_SSITC_TEST","H","H_SSITC_TEST","FETCH_MAX","FETCH_90","FETCH_55","FETCH_40","WD","WS","WS_MAX","USTAR","ZL","TAU","TAU_SSITC_TEST","MO_LENGTH","U","U_SIGMA","V","V_SIGMA","W","W_SIGMA","PA","PA_SIGMA","TA_1_1_1","TA_SIGMA_1_1_1","RH_1_1_1","T_DP_1_1_1","VPD","T_SONIC","T_SONIC_SIGMA","PBLH"
"TS","RN","YYYYMMDDHHMM","YYYYMMDDHHMM","umolCO2 mol-1","umolCO2 mol-1","mmolH2O mol-1","mmolH2O mol-1","umolCO2 m-2 s-1","adimensional","W m-2","adimensional","mm hour-1","adimensional","W m-2","adimensional","m","m","m","m","decimal degrees","m s-1","m s-1","m s-1","adimensional","kg m-1 s-2","adimensional","m","m s-1","m s-1","m s-1","m s-1","m s-1","m s-1","kPa","kPa","deg C","deg C","%","deg C","hPa","deg C","deg C","m"
"","","Smp","Smp","Smp","Smp","Smp","Smp","Smp","Smp","Smp","Smp","Smp","Smp","Smp","Smp","Smp","Smp","Smp","Smp","Smp","Smp","Smp","Smp","Smp","Smp","Smp","Smp","Smp","Smp","Smp","Smp","Smp","Smp","Smp","Smp","Smp","Smp","Smp","Smp","Smp","Smp","Smp","Smp"
"2021-05-20 16:00:00",0,202105201545,202105201600,420.9401,0.7385885,8.27244,0.5385236,-1.0035,2,121.8058,2,0.179411,2,160.7521,1,16.23674,111.0952,34.97978,25.63601,271.5643,2.677951,6.801831,0.18346,-0.9554797,0.0340509,5,-2.767332,2.075783,1.348564,0,1.630106,-1.862645E-09,0.3829711,86.56361,0.006293304,24.05326,0.8597247,23.61361,2.008678,22.98211,24.84643,0.8979473,2044.653
"2021-05-20 16:30:00",1,202105201600,202105201630,421.5063,0.3677556,7.758623,0.3701176,-1.029149,3,94.40223,3,0.1390785,3,125.0342,3,37.51532,103.6628,53.34924,40.37678,312.5276,2.227695,6.058727,0.3178654,-0.1429339,0.1021291,7,-18.49896,1.124077,1.388629,0,1.631365,-1.862645E-09,0.3660686,86.53741,0.009918266,24.28376,0.8167402,21.85244,1.13037,23.83689,25.01482,0.8494582,1730.021
"2021-05-20 17:00:00",2,202105201630,202105201700,422.6085,0.5789926,7.819561,0.376494,-0.1093495,3,73.38451,3,0.1080889,3,73.22449,3,35.575,98.29705,50.58695,38.28647,311.4698,1.936542,6.13263,0.2480696,-0.1787013,0.06224677,8,-14.79636,1.630815,0.9046318,0,0.9935427,-1.862645E-09,0.3052969,86.53049,0.00465069,24.04261,0.718378,22.35355,1.236903,23.34049,24.77876,0.7414865,1804.073
"2021-05-20 17:30:00",3,202105201700,202105201730,422.9781,0.3436386,8.06035,0.4175374,0.5240285,7,40.8777,7,0.06015697,7,3.182521,7,34.42001,95.21159,48.96109,37.05438,275.1663,2.234276,7.900269,0.2156861,-0.01999635,0.04718698,7,-132.2307,2.063163,1.013293,0,0.9018674,1.455192E-11,0.276623,86.51786,0.00558927,23.14527,0.1774739,24.32566,1.651558,21.5328,23.90163,0.1583533,1450.534
"2021-05-20 18:00:00",4,202105201730,202105201800,422.7517,1.022815,7.63946,1.185572,0.6530089,5,40.20089,5,0.05912806,5,-11.01205,5,38.47181,107.7911,54.96615,41.57615,252.7584,3.173266,9.448368,0.3501588,0.006961198,0.12462,5,379.8383,3.098729,1.779358,0,0.7685358,3.72529E-09,0.3864219,86.51112,0.003588598,22.56953,0.2489335,23.83142,0.7764121,20.9189,23.28519,0.3383167,407.9438
"2021-05-20 18:30:00",5,202105201800,202105201830,420.869,0.2724115,6.148932,0.2749632,0.6924772,2,34.79857,1,0.05117479,1,-7.498344,4,35.09274,98.4159,50.14665,37.92992,288.3907,3.071595,8.241759,0.2951674,0.007287858,0.08866096,4,362.813,2.802042,1.338094,0,1.315093,0,0.3654027,86.52605,0.006749626,22.41864,0.1530153,19.42471,-2.034978,21.93631,22.99487,0.1565938,397.1807
"2021-05-20 19:00:00",6,202105201830,202105201900,421.609,0.6578516,6.835377,0.2781878,0.8600777,9,14.94729,9,0.02197504,9,-14.08534,9,27.38927,1326.957,135.48,79.49726,245.9142,1.194054,2.46835,0.09112439,0.610062,0.008456358,9,4.334198,1.087317,0.548287,0,0.376004,0,0.111565,86.52261,0.002287184,22.11515,0.48089,22.00529,-0.6022864,20.861,22.75477,0.4671411,113.4067
"2021-05-20 19:30:00",7,202105201900,202105201930,422.8161,1.535307,7.686096,0.8849246,2.539105,7,22.59132,7,0.03316855,7,-27.44395,7,41.44909,117.3741,59.44593,44.94098,239.5345,3.520847,9.317573,0.3603575,0.0195201,0.1328695,5,135.4568,3.463423,1.805638,0,0.6994196,3.72529E-09,0.3856886,86.54885,0.01740946,20.72565,0.7669584,27.06542,0.9319445,17.96743,21.44093,0.690374,253.4497
"2021-05-20 20:00:00",8,202105201930,202105202000,422.6584,0.9921566,8.416554,0.2259347,1.302583,6,25.88702,3,0.03797024,3,-19.67739,4,17.32513,628.0008,76.091,46.17759,250.7656,2.113934,7.767375,0.167148,0.135772,0.02868601,8,19.47477,1.598312,1.719444,0,0.9249164,0,0.3080717,86.57512,0.005569016,19.71367,0.4358239,31.37064,2.272203,15.8374,20.49414,0.4207423,129.8639
"2021-05-20 20:30:00",9,202105202000,202105202030,421.3513,1.263099,8.002449,0.4227561,3.766432,2,76.11259,4,0.1116774,4,-59.06004,2,37.87704,108.4059,54.51356,41.19199,10.21783,3.270498,18.4494,0.3752539,0.03606276,0.1444837,7,73.32023,2.011818,2.328943,0,2.573441,0,0.4495232,86.60622,0.01165174,20.06666,0.5125453,29.22851,1.565118,16.70072,20.8097,0.4828734,188.3916
"2021-05-20 21:00:00",10,202105202030,202105202100,422.4417,1.998528,8.024757,0.5110897,3.332518,9,39.6039,9,0.05809963,9,-55.0415,9,19.14189,773.113,87.91338,52.6127,9.950592,1.529997,7.556748,0.1222576,1.008454,0.01534906,9,2.621963,1.186317,0.8725615,0,1.040172,0,0.2096238,86.62665,0.02607139,19.89096,0.9258536,29.73816,1.599241,16.44841,20.63559,0.8840148,111.5456
"2021-05-20 21:30:00",11,202105202100,202105202130,422.4198,1.623422,7.717059,0.9324272,0.8001167,8,-23.92753,8,-0.03511003,8,-4.571416,8,37.41647,106.0949,53.67538,40.57706,300.6189,1.762675,6.188918,0.2169567,0.02069966,0.04832822,7,127.7379,1.158067,1.103587,0,1.152402,-3.72529E-09,0.2639013,86.6709,0.01244154,20.12461,0.8560297,28.27163,1.000298,17.04307,20.84125,0.7774606,247.5411
"2021-05-20 22:00:00",12,202105202130,202105202200,423.1086,1.606966,7.674736,0.2851574,2.81943,6,23.95712,6,0.03512465,6,-50.92823,6,76.97275,221.7175,111.1595,83.95599,64.66306,1.589888,4.065452,0.293946,0.06817964,0.08897581,4,38.78181,0.5591636,0.8492314,0,1.399654,7.450581E-09,0.1451253,86.67373,0.01045562,19.27461,0.9211299,29.54136,1.008001,15.8656,19.98547,0.8983866,150.8498
"2021-05-20 22:30:00",13,202105202200,202105202230,425.8288,2.608665,8.155672,0.1480962,-0.206939,9,1.725632,9,0.002526715,9,-9.728792,9,97.39487,5388.381,511.5726,295.0805,68.24399,1.611371,2.941251,0.06245302,1.383303,0.004033574,9,1.91146,1.459728,0.4069732,0,0.7109615,7.450581E-09,0.1103189,86.65346,0.003365071,17.91214,0.572715,34.07281,1.850409,13.60241,18.66388,0.5619507,110.7733
"2021-05-20 23:00:00",14,202105202230,202105202300,428.0734,3.365364,8.254238,0.2403259,2.989677,9,9.543993,9,0.01396889,9,-28.05086,9,42.26447,2253.596,217.4008,126.1308,114.2191,1.786923,3.461464,0.1123193,0.678755,0.01306592,9,3.895559,1.727443,0.3199057,0,0.471791,0,0.08759961,86.65989,0.00931174,17.49082,0.9169516,35.48748,2.014737,12.99573,18.25046,0.8984571,112.93
"2021-05-20 23:30:00",15,202105202300,202105202330,435.232,2.762449,8.794713,0.09839096,1.335526,8,2.342704,8,0.003421078,8,-16.77694,8,15.62802,644.8593,72.40443,43.30296,171.8845,1.457221,3.592276,0.1341473,0.2411987,0.01878991,4,10.96245,1.192036,0.4625386,0,0.8523098,1.862645E-09,0.1513482,86.67371,0.006259311,15.1262,0.8949926,43.89741,2.904377,9.7231,15.9288,0.8907455,120.6114
"2021-05-21 00:00:00",16,202105202330,202105210000,435.8212,1.711748,8.907309,0.1211196,0.8723039,9,6.905789,9,0.01008205,9,-1.781772,9,30.24746,1000.688,127.8907,78.33107,163.5731,1.364799,3.580689,0.08199511,0.08687028,0.00702577,7,30.43768,1.161994,0.7624347,0,0.493278,-9.313226E-10,0.1710099,86.66951,0.00675085,14.86206,0.718156,45.1598,3.081124,9.327497,15.67417,0.7213118,141.7801
"2021-05-21 00:30:00",17,202105210000,202105210030,439.8211,1.912747,9.296285,0.1189387,1.410832,7,1.739603,7,0.002537784,7,-22.4097,7,18.01739,777.9037,85.05611,50.51315,207.5192,1.518659,3.34495,0.1425889,0.2692024,0.02130828,1,9.82209,1.380643,0.5135084,0,0.5879162,1.862645E-09,0.1760245,86.69351,0.01330048,14.06673,0.7875706,49.64259,3.684354,8.146528,14.91176,0.7853938,119.3718
"2021-05-21 01:00:00",18,202105210030,202105210100,440.6267,1.305391,9.651009,0.07460201,2.377409,4,1.078324,7,0.001573136,7,-19.47832,3,21.38913,946.5137,101.9747,60.46328,176.6541,1.586353,3.44382,0.1380843,0.25795,0.01997991,2,10.25055,1.494981,0.4865909,0,0.5313317,0,0.1984275,86.70022,0.006413263,14.09687,0.3733959,51.35392,4.213314,7.861424,14.97406,0.3712452,119.8376
"2021-05-21 01:30:00",19,202105210100,202105210130,436.7137,1.594053,9.887708,0.08333353,1.777035,3,4.058609,3,0.005918106,3,-24.69143,3,17.59181,662.7206,78.52541,47.42342,161.566,1.746348,3.951555,0.1773134,0.1534396,0.03299634,1,17.23239,1.712293,0.5095508,0,0.3425645,-1.862645E-09,0.2198326,86.68954,0.009871821,13.58844,0.4094195,54.36871,4.553735,7.137311,14.48543,0.4050843,127.4265
"2021-05-21 02:00:00",20,202105210130,202105210200,433.6368,0.8976016,10.143,0.06940483,1.713068,1,1.605235,4,0.002339785,4,-21.57715,1,22.09504,985.3627,105.6679,62.59664,144.8215,1.623892,4.613981,0.1423912,0.2603223,0.02130554,1,10.15714,1.574017,0.4186271,0,0.3866348,-3.72529E-09,0.1890767,86.6841,0.005348567,13.1845,0.3272726,57.22726,4.914008,6.513006,14.10323,0.3270611,119.736
"2021-05-21 02:30:00",21,202105210200,202105210230,432.3808,0.783756,10.29608,0.05781486,1.181386,9,2.241132,9,0.003266153,9,-17.81808,9,27.21586,1336.704,135.3819,79.31359,175.8236,1.505982,3.471127,0.1149737,0.4071137,0.01389694,9,6.494818,1.409923,0.4277585,0,0.498759,1.862645E-09,0.1871283,86.67828,0.004041504,13.02031,0.4934272,58.73058,5.125741,6.225021,13.95228,0.4909177,115.7552
"2021-05-21 03:00:00",22,202105210230,202105210300,433.1698,0.6526646,10.37795,0.01046713,0.6185778,9,0.1400749,9,0.000204011,9,-9.549385,9,38.97858,2069.559,200.1564,116.2003,200.8649,1.253477,2.499327,0.08289144,0.5860544,0.007240464,9,4.511748,1.230571,0.2296377,0,0.2411533,4.656613E-10,0.1158206,86.68436,0.003452703,12.35655,0.2963023,61.79902,5.239484,5.509344,13.29372,0.2969777,113.5997
"2021-05-21 03:30:00",23,202105210300,202105210330,433.8504,0.7930513,10.44714,0.03947832,0.8691232,7,-0.942922,7,-0.001372785,7,-7.211576,7,26.95521,1171.97,127.5516,75.72897,165.183,1.413367,2.38519,0.1078822,0.2025287,0.01227848,4,13.05558,1.381877,0.3503859,0,0.286545,9.313226E-10,0.1120074,86.66415,0.009003154,11.95588,0.3408,63.8606,5.330551,5.078167,12.89793,0.3409231,122.8865
"2021-05-21 04:00:00",24,202105210330,202105210400,436.3422,1.562937,10.44702,0.01119352,1.842244,8,-0.367923,8,-0.0005358093,8,1.132774,8,14.74521,216.3975,44.33447,29.71905,162.5624,1.028793,1.619443,0.1168244,-0.02438682,0.01438043,4,-108.4246,0.8904076,0.1983687,0,0.5161866,4.656613E-10,0.07901361,86.6489,0.004312564,12.26029,0.2498668,62.57199,5.327946,5.36271,13.20334,0.2500687,1462.053
"2021-05-21 04:30:00",25,202105210400,202105210430,433.9593,0.4444022,10.46762,0.01422387,-0.1144287,9,0.1543152,9,0.0002246063,9,-1.517888,9,23.25319,1085.71,113.3165,66.74073,185.2344,0.5307872,0.9498635,0.04462201,0.5943002,0.002102284,9,4.449149,0.4848077,0.2435748,0,0.1968565,1.862645E-09,0.02976838,86.65102,0.002972807,11.68239,0.534427,65.16891,5.356312,4.815377,12.62537,0.5352259,113.5317
"2021-05-21 05:00:00",26,202105210430,202105210500,436.5454,1.605986,10.44909,0.01856354,-0.2156586,8,-0.2206107,8,-0.0003209085,8,1.584822,8,7.155566,81.12025,19.3575,13.28574,128.704,0.6106141,1.180403,0.08275741,-0.09705976,0.007246647,7,-27.24228,0.400593,0.3681655,0,0.3446124,-9.313226E-10,0.05006505,86.64657,0.007783696,11.05979,0.3337643,67.76151,5.330368,4.269829,11.99906,0.33361,1555.154
"2021-05-21 05:30:00",27,202105210500,202105210530,439.2066,1.48769,10.40414,0.01485105,0.7427304,8,-0.08817544,8,-0.0001283392,8,-0.8676788,8,4.397125,96.29449,15.80158,10.17231,174.0552,0.6910037,1.510162,0.1084936,0.02392261,0.01242752,7,110.5285,0.4206622,0.464879,0,0.3954261,2.910383E-11,0.06093328,86.64467,0.005722196,11.67876,0.1699128,64.74588,5.26875,4.859848,12.61605,0.1693867,228.8353
"2021-05-21 06:00:00",28,202105210530,202105210600,444.0713,1.446419,10.47622,0.04397641,-0.04467946,9,1.629796,4,0.002371258,4,-13.51221,3,22.875,990.3148,108.0571,64.23397,169.6996,1.520586,2.909555,0.1285951,0.2207436,0.01748845,4,11.97829,1.466538,0.3468274,0,0.3923913,0,0.1548565,86.67007,0.008659719,11.27848,0.2974518,66.97273,5.371053,4.437196,12.2209,0.2957445,121.7155
"2021-05-21 06:30:00",29,202105210600,202105210630,443.7309,1.123932,10.70917,0.1524924,2.296231,1,10.726,2,0.01561137,2,-14.94435,1,19.21816,585.5831,78.53025,48.57921,173.6575,1.93775,3.652039,0.1875462,0.07588046,0.03715711,1,34.84599,1.910298,0.425756,0,0.327935,7.450581E-09,0.2242623,86.69798,0.006410831,11.65821,0.2484032,66.75596,5.687823,4.577593,12.62274,0.253033,146.5717
"2021-05-21 07:00:00",30,202105210630,202105210700,435.8328,3.815043,11.3091,0.1445703,2.546126,8,20.37278,8,0.02969114,8,-11.16669,8,36.19448,102.643,51.9207,39.25077,185.1255,2.439732,5.596973,0.2566789,0.0205862,0.06926648,1,128.4419,2.377465,0.7093764,0,0.5424818,7.450581E-09,0.3254499,86.72052,0.006871644,13.03858,0.5722038,64.39095,6.471514,5.381255,14.06174,0.5793401,248.3064
"2021-05-21 07:30:00",31,202105210700,202105210730,433.7063,0.9301533,11.49759,0.1970258,-0.2347952,7,36.40036,7,0.05311957,7,17.11423,7,40.84613,112.9389,58.10239,43.9726,199.2675,2.711044,5.677491,0.3331523,-0.01823574,0.1161295,1,-144.9971,2.629622,0.7710305,0,0.6647643,3.72529E-09,0.3631627,86.72596,0.003219785,14.41384,0.3567693,59.82058,6.708937,6.62542,15.45895,0.3711495,1444.356
"2021-05-21 08:00:00",32,202105210730,202105210800,435.7014,1.289476,11.61115,0.2051234,-1.065245,4,40.73238,3,0.0594992,3,45.85426,3,39.49028,109.179,56.17032,42.5107,211.6292,2.457577,5.426548,0.2836667,-0.07394919,0.08391625,1,-35.75603,2.369367,0.6854008,0,0.6514905,3.72529E-09,0.3225467,86.74973,0.01121056,15.42791,0.4992494,56.60947,6.85411,7.643126,16.487,0.5141615,1497.215
"2021-05-21 08:30:00",33,202105210800,202105210830,432.0852,1.043021,11.65442,0.2449905,-2.472827,3,47.45993,3,0.06941261,3,68.36715,3,38.64422,106.7712,54.9541,41.59146,232.777,2.25297,4.868995,0.2565722,-0.1473453,0.06836383,1,-17.94513,2.128622,0.7967848,0,0.733833,0,0.2997443,86.77543,0.003605991,16.72261,0.5422908,52.32652,6.911101,9.12149,17.79039,0.559068,1741.097
"2021-05-21 09:00:00",34,202105210830,202105210900,432.4901,1.322221,11.65023,0.3113592,-2.902758,3,65.3409,3,0.09570821,3,97.7925,3,40.224,111.1413,57.20332,43.2935,232.0938,2.646533,5.867095,0.3031419,-0.1276173,0.09492946,1,-20.71922,2.49593,0.9083837,0,0.8483523,1.862645E-09,0.3368498,86.78245,0.001913008,18.28597,0.8532096,47.41816,6.905341,11.12315,19.35915,0.8754488,1685.616
"2021-05-21 09:30:00",35,202105210900,202105210930,430.3893,1.74205,11.53765,0.3519526,-1.970559,3,92.66773,3,0.1359207,3,128.8869,3,41.68122,115.1909,59.28131,44.86567,245.9915,3.046326,6.67868,0.3580811,-0.1023867,0.1318122,1,-25.82493,2.924994,0.9200154,0,0.8554841,-3.72529E-09,0.380586,86.77721,0.004049603,19.70387,0.7742962,42.96198,6.763378,13.16753,20.77193,0.8030452,1583.501
"2021-05-21 10:00:00",36,202105210930,202105211000,432.9893,2.390046,11.70333,0.34279,-3.664684,3,71.3039,3,0.1046875,3,114.0056,3,35.83061,98.99808,50.94987,38.5612,233.4446,2.990097,6.357794,0.2801145,-0.188178,0.08037799,1,-14.05122,2.811236,1.019172,0,0.9935526,0,0.3596787,86.77725,0.007474682,20.71722,0.781736,40.92141,6.969023,14.51847,21.80427,0.8132535,1818.976
"2021-05-21 10:30:00",37,202105211000,202105211030,432.0722,2.338405,11.69576,0.3838126,-1.326689,7,91.37043,1,0.1343273,1,136.0705,1,36.40206,100.5863,51.76476,39.17772,221.7379,3.062087,6.671251,0.3162445,-0.1565371,0.1019753,1,-16.89139,2.935295,1.02288,0,0.8505686,3.72529E-09,0.3981186,86.77961,0.003822245,22.09426,0.8342601,37.59449,6.958682,16.68929,23.1857,0.8641993,1762.172
"2021-05-21 11:00:00",38,202105211030,202105211100,426.8042,1.489938,11.65043,0.4606423,-2.763505,1,87.34265,1,0.1285368,1,177.2588,1,37.67589,104.1008,53.57677,40.54908,198.9019,2.935589,6.792503,0.3491026,-0.1500285,0.123807,1,-17.62419,2.600573,1.089625,0,1.322397,3.72529E-09,0.420989,86.76559,0.004907134,23.14905,0.9691986,35.1285,6.897247,18.50679,24.24019,1.001682,1747.516
"2021-05-21 11:30:00",39,202105211100,202105211130,429.4974,1.546196,11.52448,0.4972181,-1.826725,4,94.49035,1,0.1391791,1,189.6642,1,36.52536,100.9289,51.94059,39.31074,187.8105,3.08159,7.490839,0.3560671,-0.1513771,0.1283931,1,-17.46717,2.804734,1.022431,0,1.254733,7.450581E-09,0.4463604,86.75787,0.005450216,24.06602,0.936699,32.87432,6.737749,20.22949,25.14878,0.9718586,1750.657
"2021-05-21 12:00:00",40,202105211130,202105211200,427.2967,2.335243,10.36746,1.08244,-2.013362,1,145.6447,1,0.2147769,1,218.9678,1,36.56666,101.0474,52.00007,39.3557,202.6166,3.436004,12.94421,0.3812543,-0.1438768,0.1466597,1,-18.37774,3.087954,1.375156,0,1.493245,3.72529E-09,0.4772601,86.75226,0.004120448,25.27085,1.105169,27.57212,5.16593,23.47763,26.24944,1.133901,1732.445
"2021-05-21 12:30:00",41,202105211200,202105211230,424.399,1.557241,7.399102,1.3497,-0.3859402,3,174.5909,3,0.2574978,3,162.9253,3,35.5654,98.3129,50.58048,38.2809,207.317,3.749834,10.80754,0.3764091,-0.1140688,0.1430093,3,-23.18014,3.361611,2.041395,0,1.618837,3.72529E-09,0.4878345,86.7298,0.009326572,25.41121,0.971998,19.50968,0.2980453,26.2674,26.11117,1.026602,1636.397
"2021-05-21 13:00:00",42,202105211230,202105211300,422.0164,0.4332188,5.280764,0.4111153,-0.368044,7,87.8848,5,0.1295498,5,60.40189,5,40.51125,112.0014,57.62363,43.61049,158.5978,3.149031,12.4942,0.3954753,-0.0373017,0.1582505,1,-70.88497,2.626879,1.231105,0,1.813801,0,0.4355587,86.71533,0.007870183,24.86659,0.7008084,14.42442,-4.061212,27.01743,25.36586,0.726577,1480.217
"2021-05-21 13:30:00",43,202105211300,202105211330,423.0954,0.6942664,6.00567,0.5785024,-2.034712,4,108.1511,2,0.1594652,2,100.5485,1,32.3871,89.52958,46.05679,34.85757,156.962,2.532503,7.616512,0.2990201,-0.1405571,0.09033573,3,-18.81178,1.949799,1.280403,0,1.66326,-9.313226E-10,0.4356446,86.68719,0.01239244,25.13318,0.6710196,16.13252,-2.369609,26.90125,25.70123,0.6971802,1723.764
"2021-05-21 14:00:00",44,202105211330,202105211400,422.5201,0.7400116,6.829249,0.523582,-1.897662,3,104.7252,3,0.1546109,3,168.739,3,37.36996,103.334,53.15482,40.22849,195.5484,4.101,10.92953,0.4885958,-0.05264797,0.2399554,1,-50.22283,3.797714,1.664961,0,1.538906,0,0.5952418,86.65031,0.007066918,26.44902,0.9615129,16.95011,-0.620177,28.82403,27.09755,0.9924922,1490.215
"2021-05-21 14:30:00",45,202105211400,202105211430,422.0258,0.5041254,6.697563,0.45498,-2.075612,1,144.8238,1,0.2139297,1,231.2273,1,38.05182,105.205,54.12308,40.96143,191.9035,3.640908,8.184842,0.4526638,-0.09079137,0.2055214,1,-29.12314,3.312399,1.214069,0,1.509072,7.450581E-09,0.5391424,86.62743,0.007854939,27.02385,0.9997467,16.04881,-0.8804354,30.13542,27.66119,1.043102,1517.537
"2021-05-21 15:00:00",46,202105211430,202105211500,421.2657,0.6009408,6.752608,0.5525517,-2.730884,1,159.4082,1,0.2355102,1,243.6594,1,39.45057,109.0675,56.1135,42.46772,216.2471,4.216454,9.58285,0.4646784,-0.0886081,0.2164195,1,-29.84072,3.860625,1.533606,0,1.709939,0,0.5290331,86.61271,0.008697633,27.18487,1.135703,16.01681,-0.7846855,30.44606,27.82781,1.18524,1503.186
"2021-05-21 15:30:00",47,202105211500,202105211530,421.2572,0.44171,6.727742,0.3884755,-1.302348,1,111.9924,1,0.1653693,1,160.775,1,38.92905,107.6318,55.37209,41.90658,193.0974,3.714525,9.066637,0.4350225,-0.07146514,0.1899459,1,-36.99887,3.421776,1.485521,0,1.459755,3.72529E-09,0.5035776,86.57555,0.006848798,26.63201,0.8605105,16.49984,-0.8196536,29.28223,27.27134,0.8942231,1496.613
"2021-05-21 16:00:00",48,202105211530,202105211600,421.8795,0.5117491,6.666887,0.3483433,-0.5380909,5,72.2492,5,0.1066371,5,51.33387,5,39.23832,108.4935,55.81356,42.24054,214.8813,3.639932,10.78058,0.4028979,-0.02996063,0.1631334,1,-88.25346,3.280147,1.319683,0,1.6792,-3.72529E-09,0.4618001,86.55173,0.007283262,26.17869,0.7011653,16.80604,-0.9431095,28.39781,26.81124,0.7195971,1471.813
"2021-05-21 16:30:00",49,202105211600,202105211630,421.2076,0.2316861,6.282818,0.3504511,-0.3724318,7,63.27114,7,0.0933494,7,22.05439,7,39.92562,110.4032,56.79362,42.98204,217.3744,3.761812,10.01534,0.3833871,-0.01619773,0.1479433,3,-163.2408,3.651843,1.373957,0,0.9233882,0,0.4270433,86.55616,0.003634573,25.77674,0.5820633,16.22006,-1.746827,27.9158,26.37218,0.6038004,1435.529
"2021-05-21 17:00:00",50,202105211630,202105211700,421.8323,0.5197106,6.44313,0.3526286,0.2923471,4,45.61314,1,0.06726304,1,-6.783485,2,40.35992,112.948,57.64481,43.60406,208.1894,2.316764,6.340009,0.2787704,0.006351007,0.0783373,1,416.3324,2.204069,0.9297648,0,0.7429747,7.450581E-09,0.3063428,86.54116,0.003308812,25.25554,0.1478329,17.16453,-1.408766,26.74839,25.86502,0.1309598,431.0147
"2021-05-21 17:30:00",51,202105211700,202105211730,420.6411,0.4165511,6.452399,0.8058608,-0.3382734,7,48.26052,7,0.07120337,7,11.48596,7,36.62987,101.3275,52.10806,39.43571,199.2311,3.628205,7.779305,0.3619256,-0.01074109,0.1318004,1,-246.1695,3.376594,1.17141,0,1.290968,0,0.441914,86.53532,0.002926611,25.78287,0.2885975,16.65144,-1.457734,27.77143,26.39428,0.3046352,1395.402
"2021-05-21 18:00:00",52,202105211730,202105211800,423.2121,0.782382,8.518323,0.4874128,-1.049405,2,55.4487,1,0.08181541,1,81.68679,1,37.866,104.7135,53.86238,40.76377,170.5982,4.730311,10.2141,0.5080191,-0.02277499,0.2593922,1,-116.098,4.40765,1.423027,0,1.753343,7.450581E-09,0.5950875,86.53042,0.003737968,25.86666,0.3750006,21.83316,2.415295,26.17893,26.67314,0.3823322,1458.34
"2021-05-21 18:30:00",53,202105211800,202105211830,422.0624,0.2078385,8.343357,0.375278,0.1622658,4,43.11647,3,0.06356839,3,24.44833,3,35.2344,97.5317,50.13205,37.93938,173.8874,5.197244,11.70766,0.5692058,-0.005161101,0.3265666,1,-512.319,5.033794,1.392245,0,1.302833,1.490116E-08,0.7006938,86.53304,0.005548078,25.04508,0.4148249,22.47598,2.136073,24.73397,25.83288,0.3987264,1266.62
"2021-05-21 19:00:00",54,202105211830,202105211900,421.6633,0.2492679,8.635953,0.2091296,0.6165383,1,29.51656,1,0.04349263,1,-9.007817,2,35.28899,97.83774,50.23607,38.0156,173.1159,4.303298,9.165328,0.5054852,0.001944468,0.2580456,1,1359.822,4.183731,1.291323,0,1.006518,7.450581E-09,0.5914242,86.53988,0.006208633,24.45519,0.175103,24.07159,2.625625,23.37354,25.2689,0.1803612,1000
"2021-05-21 19:30:00",55,202105211900,202105211930,422.4661,0.515312,7.735273,0.2584859,1.48447,3,27.36419,3,0.04028747,3,-31.68748,3,35.87508,101.3724,51.39815,38.86263,177.8896,3.592824,10.06215,0.4162557,0.01457175,0.175606,1,181.4559,3.498014,1.184835,0,0.8277835,0,0.4824227,86.56614,0.01047605,23.59233,0.4396733,22.74242,1.100507,22.59148,24.31943,0.4427875,282.5296
"2021-05-21 20:00:00",56,202105211930,202105212000,424.5805,1.097823,7.378915,0.1880987,1.622357,3,20.79807,3,0.03058425,3,-35.39487,3,32.8327,94.44072,47.31474,35.74601,171.4716,2.779587,6.516415,0.2977001,0.04530094,0.09023097,1,58.3681,2.716117,0.7985586,0,0.6097155,3.72529E-09,0.385438,86.59193,0.008313302,22.37128,0.5614789,23.3842,0.4593399,20.81602,23.06217,0.5606091,172.1392
"2021-05-21 20:30:00",57,202105212000,202105212030,426.5806,0.5636051,7.34674,0.06584735,2.230116,1,12.96435,1,0.01903413,1,-43.60663,1,34.99335,101.3188,50.55357,38.17997,163.9085,2.445825,4.67612,0.273112,0.07362141,0.07638981,1,35.91523,2.39458,0.5630576,0,0.4952142,0,0.326526,86.61536,0.01001344,20.71955,0.4163022,25.75973,0.4066682,18.22521,21.40359,0.4136679,147.7339
"2021-05-21 21:00:00",58,202105212030,202105212100,427.6411,0.5842767,7.468582,0.06164119,2.39235,1,12.11825,1,0.01777931,1,-42.44979,1,34.01043,98.10851,49.06584,37.06338,174.3694,2.6964,5.248025,0.2972421,0.0556098,0.09074941,1,47.54791,2.64582,0.6470711,0,0.5238657,0,0.3682596,86.65589,0.01477757,19.98553,0.3416393,27.40856,0.6387491,17.02834,20.67913,0.336916,160.3782
"2021-05-21 21:30:00",59,202105212100,202105212130,427.8842,0.6012091,7.601865,0.06719515,2.135561,1,9.678872,1,0.01419122,1,-37.67672,1,32.69151,95.15708,47.30227,35.71682,175.1658,2.371535,4.836372,0.2299093,0.1068046,0.05443888,1,24.75671,2.332915,0.5484111,0,0.4256772,0,0.2992758,86.69624,0.007788688,19.31659,0.4222647,29.09625,0.8881341,15.95974,20.0209,0.4171718,135.6051
"2021-05-21 22:00:00",60,202105212130,202105212200,428.1267,0.6082461,7.689031,0.07549717,1.884322,1,10.18234,1,0.01492534,1,-32.06585,1,33.53271,97.10462,48.43848,36.5831,175.2149,2.465663,4.6193,0.2481337,0.072018,0.0634849,1,36.71484,2.420741,0.5815987,0,0.4689444,-7.450581E-09,0.3129022,86.71554,0.006301907,19.03332,0.3232631,29.95188,1.047987,15.48734,19.74498,0.317724,148.6031
"2021-05-21 22:30:00",61,202105212200,202105212230,428.0602,0.5317243,7.862044,0.09389006,2.008553,1,9.121277,1,0.01336485,1,-30.7707,1,33.06064,96.08019,47.81266,36.10465,177.8017,2.149509,4.407845,0.2239031,0.09416689,0.05176933,1,28.07919,2.103793,0.5567273,0,0.4345226,3.72529E-09,0.2873954,86.73223,0.006705227,18.63142,0.3145204,31.40559,1.357133,14.78993,19.35802,0.3080601,139.2165
"2021-05-21 23:00:00",62,202105212230,202105212300,429.4872,0.7344878,8.089458,0.05161192,0.8683383,9,2.287923,9,0.003350849,9,-10.80977,9,27.47469,1352.75,136.8168,80.12338,209.8589,1.220518,2.454475,0.09687723,0.4104699,0.009708096,9,6.441713,1.194274,0.2594479,0,0.2504935,-4.656613E-10,0.1326721,86.74826,0.004362647,18.16479,0.2607959,33.26546,1.754514,13.97189,18.91113,0.2584898,115.6975
"2021-05-21 23:30:00",63,202105212300,202105212330,431.66,1.33871,8.309541,0.1398446,1.318711,1,3.978027,1,0.005824946,1,-19.80922,1,24.4011,1140.761,118.9667,70.04314,182.9884,1.64341,2.775207,0.1305132,0.3078116,0.0176322,2,8.590091,1.523851,0.3627622,0,0.6039245,1.862645E-09,0.1707648,86.75305,0.002669492,17.95126,0.3252685,34.6335,2.125947,13.50594,18.71724,0.3195055,118.0327
"2021-05-22 00:00:00",64,202105212330,202105220000,435.3013,0.868908,8.832051,0.158047,2.508479,2,13.91158,4,0.02036152,4,-31.16923,1,32.88526,95.69614,47.57951,35.92648,162.6514,2.180909,4.55722,0.2161631,0.1049954,0.04843123,1,25.1833,2.143614,0.541439,0,0.4036214,-1.862645E-09,0.2793115,86.74677,0.003485824,17.49532,0.3013421,37.85481,2.974189,12.47524,18.30795,0.3015594,136.0688
"2021-05-22 00:30:00",65,202105220000,202105220030,435.9649,0.5894232,9.18723,0.06054631,2.093922,1,9.566354,1,0.01400397,1,-41.20737,1,34.04973,98.46358,49.16431,37.13344,178.5025,2.676139,5.125742,0.2783836,0.06584507,0.08027227,1,40.15683,2.634109,0.6051116,0,0.4755129,0,0.3443977,86.7522,0.003000026,17.66513,0.2938991,38.94878,3.528963,12.38812,18.51076,0.2904224,152.3444
"2021-05-22 01:00:00",66,202105220030,202105220100,438.0764,0.6712062,9.453614,0.1116353,2.14407,2,7.871271,2,0.01151785,2,-36.97379,1,33.30158,96.78197,48.16275,36.36884,178.4724,2.285597,4.860289,0.2377503,0.09495509,0.05862856,1,27.84611,2.246782,0.567647,0,0.4182417,3.72529E-09,0.3024118,86.75087,0.004046074,17.23794,0.3289362,41.16713,3.929882,11.62215,18.10668,0.3236077,138.9632
"2021-05-22 01:30:00",67,202105220100,202105220130,439.0817,0.5543532,9.710482,0.0534254,1.4931,1,3.821791,2,0.005589402,2,-23.81429,1,26.17807,1177.571,125.6208,74.30139,182.8352,1.916832,3.182626,0.1519292,0.2351638,0.02397933,1,11.24378,1.891607,0.3823212,0,0.3080851,1.862645E-09,0.2045864,86.73324,0.005420158,16.6918,0.3145802,43.74984,4.305604,10.73287,17.58234,0.3137899,120.9172
"2021-05-22 02:00:00",68,202105220130,202105220200,441.2237,1.039351,9.865535,0.04185998,0.8699516,3,1.763496,3,0.002577674,3,-16.37173,3,29.2153,1425.03,144.9121,84.94277,187.4264,1.623815,2.990996,0.1209359,0.3215516,0.0152245,4,8.223035,1.584433,0.3525522,0,0.344657,0,0.1544538,86.73782,0.003291623,16.10493,0.3361684,46.13767,4.530251,9.901332,17.00778,0.3357877,117.6337
"2021-05-22 02:30:00",69,202105220200,202105220230,441.2876,0.6085601,9.932212,0.02053156,0.892947,7,0.9461257,7,0.001383488,7,-10.49965,7,31.09977,1478.743,152.6561,89.72189,168.5218,1.60687,2.720393,0.1116857,0.2621254,0.0129641,4,10.08727,1.55314,0.2709632,0,0.4303766,1.862645E-09,0.1210328,86.72722,0.004201377,16.51948,0.3683803,45.23262,4.623879,10.33827,17.4297,0.367943,119.6601
"2021-05-22 03:00:00",70,202105220230,202105220300,439.6748,1.365808,9.918614,0.05231326,1.035313,9,2.002952,9,0.00292716,9,-16.60862,9,39.26036,2103.627,202.3472,117.3508,150.3159,1.686801,2.955942,0.1081362,0.4560645,0.01217644,9,5.79771,1.661656,0.3028305,0,0.2925687,-1.862645E-09,0.1339173,86.71262,0.003131373,15.91879,0.3788411,46.93071,4.601949,9.642459,16.82588,0.376603,114.9975
"2021-05-22 03:30:00",71,202105220300,202105220330,439.4026,1.309564,9.902788,0.06524489,0.3749595,9,0.8318946,9,0.00121495,9,-1.852764,9,25.79032,623.4656,95.68857,60.71609,129.2262,1.646339,2.669165,0.1282709,0.02988618,0.01716916,4,88.47333,1.57082,0.2545502,0,0.4998679,-3.72529E-09,0.1233308,86.68864,0.008026958,15.23326,0.6179178,48.98277,4.575322,8.885137,16.13676,0.6145205,204.8623
"2021-05-22 04:00:00",72,202105220330,202105220400,439.6557,1.918121,9.897552,0.1057193,-1.201575,9,-3.424111,9,-0.004999275,9,-0.5711843,9,29.27119,627.8287,103.2578,66.45045,130.5627,1.721656,3.373173,0.125235,0.01382555,0.01638459,4,191.2495,1.652294,0.2798066,0,0.4839731,-7.450581E-09,0.1304069,86.6919,0.003657257,14.91854,0.6407138,49.9712,4.56793,8.541726,15.82057,0.6343602,288.7209
"2021-05-22 04:30:00",73,202105220400,202105220430,439.4612,1.528167,9.878311,0.08595029,-0.7639101,8,-2.461038,8,-0.003591762,8,7.185034,8,31.75552,279.2771,76.20153,54.37634,114.3468,1.655916,2.46331,0.1139308,-0.166517,0.01357757,6,-15.87904,1.55934,0.2113505,0,0.5621862,-7.450581E-09,0.1041472,86.67911,0.002277666,14.51042,0.6971201,51.20639,4.538548,8.118932,15.40944,0.6918375,1782.419
"2021-05-22 05:00:00",74,202105220430,202105220500,445.7909,0.999243,9.995228,0.04135276,0.4198017,8,-1.475373,8,-0.002151594,8,-1.709698,8,21.49013,492.1921,77.92039,49.81305,124.2377,1.586008,2.310865,0.1396775,0.02307447,0.02046807,6,114.5911,1.485368,0.3349909,0,0.520287,-1.490116E-08,0.08112168,86.69998,0.01146326,13.71609,0.2949451,54.48942,4.708844,7.172842,14.62319,0.2934687,233.2512
"2021-05-22 05:30:00",75,202105220500,202105220530,446.9519,0.8689224,10.01615,0.02391792,0.718487,9,0.7907323,9,0.001152558,9,-6.802351,9,55.36296,2693.47,274.2999,160.8072,190.928,1.01798,2.251634,0.05626985,1.326087,0.00332863,9,1.993933,0.9524685,0.4958023,0,0.2576089,0,0.1123219,86.71439,0.003243202,13.17424,0.3411632,56.57838,4.740904,6.607852,14.08151,0.3403975,110.863
"2021-05-22 06:00:00",76,202105220530,202105220600,445.9794,2.042959,10.0134,0.04965322,-0.28417,9,-0.1238936,9,-0.0001805283,9,1.203906,9,9.021713,78.46942,21.76326,15.38869,55.86679,0.6665709,1.839798,0.05212352,-0.2955091,0.002859515,6,-8.94771,0.3140003,0.1997804,0,0.6146119,0,0.06244025,86.71635,0.005706254,12.84547,0.6491639,57.84461,4.737207,6.295071,13.75144,0.6471128,1921.046
"2021-05-22 06:30:00",77,202105220600,202105220630,441.1771,1.189488,10.3374,0.2611752,0.5465112,7,5.298072,7,0.007727199,7,-7.900938,7,24.16813,843.7924,104.4997,63.58406,133.5432,1.662649,3.196827,0.1351215,0.107519,0.01914947,4,24.59221,1.626958,0.3555755,0,0.3518615,0,0.1410931,86.72103,0.003233108,13.82601,0.343371,55.93617,5.185859,6.993923,14.76435,0.3549308,135.4263
"2021-05-22 07:00:00",78,202105220630,202105220700,436.4893,1.196611,10.9664,0.2076959,-2.458061,7,34.06537,7,0.04975966,7,23.49339,7,38.03129,105.1546,54.09496,40.94004,140.4046,1.712961,4.238492,0.219743,-0.08413863,0.05036276,3,-31.42587,1.599996,0.4606887,0,0.6211071,-2.328306E-10,0.2367541,86.73392,0.01109601,15.41075,0.3737026,53.54082,6.031761,8.168851,16.41133,0.3876658,1499.31
"2021-05-22 07:30:00",79,202105220700,202105220730,435.178,1.747657,11.58503,0.2460056,-1.636817,7,31.55169,7,0.04613691,7,11.79499,7,35.39998,97.9154,50.3552,38.10944,199.7769,2.484496,6.241905,0.2918149,-0.0192598,0.0884899,1,-137.2875,2.327818,0.7995417,0,0.8677252,0,0.3438844,86.76645,0.01347952,16.51802,0.275142,52.67627,6.823617,8.926975,17.57873,0.2952378,1448.087
"2021-05-22 08:00:00",80,202105220730,202105220800,447.5561,4.169456,11.82973,0.1908057,0.3306954,8,32.20879,3,0.04711523,3,21.67976,3,36.25987,100.275,51.57629,39.03379,208.8126,2.518909,5.154425,0.274363,-0.03996192,0.07812335,1,-66.16624,2.421634,0.6917251,0,0.7173622,3.72529E-09,0.3137628,86.78013,0.003488787,16.90394,0.2699411,52.48689,7.128106,9.186045,17.98834,0.2843236,1482.5
"2021-05-22 08:30:00",81,202105220800,202105220830,441.809,3.059619,11.93774,0.2519784,-1.571425,3,62.06813,3,0.09089682,3,71.57009,3,35.95458,99.42917,51.14137,38.70467,209.2844,3.023073,7.314041,0.3428767,-0.06527193,0.1215468,1,-40.50945,2.876061,0.8689312,0,0.938921,1.117587E-08,0.3962816,86.80386,0.009703424,18.08471,0.5455652,49.17336,7.261973,10.59622,19.18342,0.5673973,1494.915
"2021-05-22 09:00:00",82,202105220830,202105220900,434.5353,1.928088,12.44495,0.3155323,-2.7383,3,61.31581,3,0.08989403,3,81.30454,3,39.03119,107.9166,55.51794,42.01691,210.5392,3.278979,7.421784,0.3991475,-0.04669629,0.1640584,1,-56.62399,3.123875,0.9935173,0,0.9783626,7.450581E-09,0.4163202,86.81348,0.00353715,19.22885,0.5879202,47.69357,7.864056,11.7134,20.37843,0.6181949,1487.117
"2021-05-22 09:30:00",83,202105220900,202105220930,434.621,2.277693,12.98411,0.3332846,-2.386062,3,57.3456,3,0.08413941,3,99.81512,3,34.6932,95.9322,49.34408,37.34475,190.2015,2.826534,6.370434,0.3341424,-0.09670276,0.1146199,1,-27.34286,2.590577,0.946749,0,1.134462,0,0.4038172,86.80551,0.005031818,20.04382,0.6917671,47.28105,8.478621,12.42522,21.24618,0.7235937,1553.143
"2021-05-22 10:00:00",84,202105220930,202105221000,430.2056,3.792603,13.29061,0.3457595,-3.071799,3,79.43069,3,0.1166605,3,135.6867,3,31.39359,86.77052,44.64047,33.78596,199.3652,2.756134,6.800812,0.2955137,-0.1901671,0.08932839,1,-13.90424,2.423142,1.18341,0,1.241359,3.72529E-09,0.4046551,86.8104,0.002889803,21.08469,0.8586738,45.39126,8.819399,13.73696,22.31961,0.8918426,1821.915
"2021-05-22 10:30:00",85,202105221000,202105221030,423.5518,1.144785,13.45543,0.3577258,-3.856061,1,100.2585,1,0.147375,1,172.7358,1,36.65652,101.3633,52.13952,39.46012,222.2299,4.013044,9.287407,0.4201101,-0.08424366,0.1799878,1,-31.38669,3.844983,1.348069,0,1.109917,7.450581E-09,0.4739504,86.81042,0.004489429,21.96098,0.8966454,43.54697,8.99918,14.98438,23.21483,0.932242,1499.329
"2021-05-22 11:00:00",86,202105221030,202105221100,418.7059,1.967354,13.36377,0.354542,-3.877213,1,86.52786,1,0.1272653,1,161.9161,1,37.97861,105.0115,54.02036,40.88355,224.7312,4.378509,9.851916,0.4569402,-0.06121358,0.2124859,1,-43.19515,4.153691,1.471634,0,1.388795,1.490116E-08,0.4931673,86.8026,0.005224235,22.56014,0.8642454,41.70276,8.898016,16.04456,23.80803,0.8970135,1493.615
"2021-05-22 11:30:00",87,202105221100,202105221130,415.8472,1.516368,13.47946,0.4204433,-1.618851,4,101.1101,1,0.1487702,1,171.4623,1,38.29876,105.8944,54.47573,41.22819,232.8088,4.065558,10.22539,0.4667687,-0.06103,0.2213701,1,-43.32508,3.805402,1.541198,0,1.410585,3.72529E-09,0.4985165,86.78413,0.007764204,22.9587,0.9026496,41.0424,9.01907,16.62483,24.21902,0.9400385,1493.552
"2021-05-22 12:00:00",88,202105221130,202105221200,415.0811,0.6181775,13.4425,0.3833903,-0.9017947,1,42.14761,1,0.06196008,1,41.20289,1,39.18946,108.3665,55.74538,42.18882,254.7892,3.863566,9.788457,0.4225176,-0.02028748,0.1818868,1,-130.3331,3.595647,1.383632,0,1.391376,3.72529E-09,0.4384721,86.75529,0.008951951,22.0478,0.3218316,43.23993,8.974959,15.11282,23.30073,0.3317508,1451.452
"2021-05-22 12:30:00",89,202105221200,202105221230,416.1786,0.8872961,11.55142,0.6967813,-4.144091,1,136.6037,1,0.2011392,1,185.2281,1,42.32453,117.0054,60.20339,45.56283,253.2311,4.800425,11.3183,0.6033685,-0.03082771,0.3690278,1,-85.77119,4.455204,1.718513,0,1.78361,7.450581E-09,0.5687236,86.73602,0.006212695,23.70395,0.9517461,33.67909,6.756599,19.56251,24.78787,0.9816793,1473.014
"2021-05-22 13:00:00",90,202105221230,202105221300,418.4506,0.8227158,9.513442,0.5853105,-3.278758,2,84.52255,1,0.1243901,1,118.9131,1,37.15411,102.7547,52.85059,39.99796,322.608,5.557518,12.35816,0.61708,-0.01847977,0.386924,2,-143.0824,5.211593,2.09308,0,1.736441,-7.450581E-09,0.6871076,86.72632,0.007929782,23.17782,0.7167377,28.6474,3.992749,20.35622,24.06999,0.758872,1445.283
"2021-05-22 13:30:00",91,202105221329,202105221330,"NAN","NAN","NAN","NAN","NAN",-2147483648,"NAN",-2147483648,"NAN",-2147483648,"NAN",1,38.12546,105.4477,54.23464,41.04522,318.3831,8.200243,13.52199,0.8377754,-0.01219021,"NAN",1,-216.906,8.012663,2.221249,0,1.752756,-1.490116E-08,0.9917032,86.76584,0.007851877,"NAN","NAN","NAN","NAN","NAN",22.60071,0.5407158,1409.562
