"TOA5","CR6Series_2","CR6","15361","CR6.Std.10.02","CPU:W20058__CR6CP_EErDuoSi.CR6","35657","Time_Series"
"TIMESTAMP","RECORD","Ux","Uy","Uz","T_SONIC","diag_sonic","CO2","H2O","diag_irga","TA_1_1_1","T_cell","PA_cell","CO2_sig_strgth","H2O_sig_strgth","PA_diff","PA","pump_flow","sampling_regime"
"TS","RN","m s-1","m s-1","m s-1","deg C","adimensional","umolCO2 mol-1","mmolH2O mol-1","adimensional","deg C","deg C","kPa","fraction","fraction","kPa","kPa","L min-1","adimensional"
"","","Smp","Smp","Smp","Smp","Smp","Smp","Smp","Smp","Smp","Smp","Smp","Smp","Smp","Smp","Smp","Smp","Smp"
"2021-05-22 13:49:32",1658045,-10.85079,-4.458835,-1.174928,21.21435,0,418.3369,7.05715,0,20.55753,24.79318,81.4624,1.010793,1.014973,-5.313904,86.77631,8.015243,1
"2021-05-22 13:49:32.1",1658046,-9.87746,-5.426751,-0.3413651,21.34038,0,418.3872,7.09683,0,20.6796,24.79395,81.46106,1.010784,1.014936,-5.317978,86.77904,8.00349,1
"2021-05-22 13:49:32.2",1658047,-9.376926,-5.886824,-0.4500394,21.53134,0,418.1338,7.117161,0,20.86826,24.79395,81.46007,1.010805,1.014977,-5.313087,86.77316,7.998373,1
"2021-05-22 13:49:32.3",1658048,-9.26967,-6.915249,-1.783569,21.39292,0,418.1909,7.102609,0,20.73148,24.79321,81.46147,1.010816,1.015018,-5.30764,86.76911,8,1
"2021-05-22 13:49:32.4",1658049,-6.888339,-8.106095,-1.206037,21.47214,0,418.2784,7.117723,0,20.80911,24.79337,81.46393,1.010788,1.014988,-5.307426,86.77135,7.998373,1
"2021-05-22 13:49:32.5",1658050,-5.618861,-6.894246,-0.7220154,21.66671,0,418.2504,7.164677,0,20.9989,24.79453,81.46326,1.010823,1.014982,-5.313087,86.77635,7.999768,1
"2021-05-22 13:49:32.6",1658051,-4.999418,-7.400686,-1.268543,21.45552,0,418.0993,7.154051,0,20.78918,24.7923,81.46278,1.010802,1.01501,-5.317955,86.78074,7.997675,1
"2021-05-22 13:49:32.7",1658052,-4.391796,-6.905665,-0.3721861,21.39988,0,418.0733,7.185005,0,20.7308,24.7926,81.46365,1.010782,1.014953,-5.316429,86.78008,8.000077,1
"2021-05-22 13:49:32.8",1658053,-6.128246,-5.408004,-0.920429,21.39985,0,418.2084,7.153241,0,20.73367,24.7923,81.46595,1.010803,1.015,-5.312836,86.77879,7.998567,1
"2021-05-22 13:49:32.9",1658054,-4.649179,-5.457709,-0.7014729,21.29603,0,418.2449,7.10418,0,20.63464,24.79248,81.46733,1.010798,1.014988,-5.312874,86.7802,8,1
"2021-05-22 13:49:33",1658055,-6.396518,-4.563184,-0.8552459,21.34435,0,418.3302,7.093662,0,20.68384,24.79254,81.46808,1.010799,1.015017,-5.312637,86.78072,7.998256,1
"2021-05-22 13:49:33.1",1658056,-5.231907,-4.665374,0.01258103,21.51375,0,418.2388,7.111362,0,20.85123,24.79163,81.47232,1.010774,1.01498,-5.30864,86.78096,7.997965,1
"2021-05-22 13:49:33.2",1658057,-4.972524,-4.465736,1.621494,21.52872,0,418.288,7.157267,0,20.86191,24.79138,81.4748,1.010806,1.014982,-5.303879,86.77868,7.998489,1
"2021-05-22 13:49:33.3",1658058,-4.762197,-3.260617,1.062505,21.68601,0,418.2716,7.14339,0,21.02011,24.79221,81.47694,1.010773,1.014952,-5.303085,86.78002,7.999962,1
"2021-05-22 13:49:33.4",1658059,-4.409884,-3.398297,1.023043,21.59462,0,418.2474,7.155186,0,20.92786,24.79239,81.47799,1.010808,1.014989,-5.304108,86.7821,7.999855,1
"2021-05-22 13:49:33.5",1658060,-5.990932,-2.689542,0.4208895,21.25927,0,418.3835,7.058029,0,20.60226,24.79187,81.47849,1.010828,1.015008,-5.300308,86.77879,7.998373,1
"2021-05-22 13:49:33.6",1658061,-4.565879,-2.983005,0.7383196,21.3151,0,418.3911,7.058228,0,20.65796,24.793,81.47705,1.010807,1.014983,-5.300941,86.77799,7.998373,1
"2021-05-22 13:49:33.7",1658062,-4.021069,-3.796439,1.046425,21.4456,0,418.4233,7.101773,0,20.78415,24.79196,81.47813,1.010813,1.015002,-5.299026,86.77715,8.000146,1
"2021-05-22 13:49:33.8",1658063,-5.006174,-3.529069,1.17163,21.09682,0,418.5422,7.051198,0,20.44083,24.79199,81.4831,1.010841,1.014971,-5.29438,86.77748,8.000155,1
"2021-05-22 13:49:33.9",1658064,-4.288291,-3.820781,0.844952,21.58513,0,418.2385,7.119479,0,20.92166,24.7923,81.48322,1.010828,1.01501,-5.29248,86.7757,8.000504,1
"2021-05-22 13:49:34",1658065,-4.261693,-5.190476,-0.2992086,21.46578,0,418.2191,7.110349,0,20.80347,24.79221,81.47849,1.010775,1.014969,-5.298645,86.77714,7.998305,1
"2021-05-22 13:49:34.1",1658066,-3.159445,-4.827919,-0.9813011,21.11118,0,418.4983,7.002566,0,20.45959,24.79178,81.47999,1.010797,1.015025,-5.301582,86.78157,8.010945,1
"2021-05-22 13:49:34.2",1658067,-3.796221,-3.568726,-0.723717,20.95279,0,418.4317,7.028453,0,20.29916,24.79053,81.48016,1.010795,1.015014,-5.303589,86.78374,8.003917,1
"2021-05-22 13:49:34.3",1658068,-3.262293,-3.221655,-0.4685099,21.31637,0,418.2596,7.075618,0,20.65759,24.78992,81.48252,1.010798,1.015012,-5.299835,86.78236,8.000437,1
"2021-05-22 13:49:34.4",1658069,-2.953964,-3.836261,0.2651863,21.16468,0,418.2222,7.101188,0,20.50388,24.79214,81.48425,1.010808,1.015019,-5.301231,86.78548,7.999187,1
"2021-05-22 13:49:34.5",1658070,-5.139452,-4.520769,0.8370458,21.3775,0,418.4243,7.065192,0,20.71957,24.79202,81.4808,1.010798,1.014967,-5.301254,86.78205,7.999341,1
"2021-05-22 13:49:34.6",1658071,-5.471027,-4.923356,-1.083149,21.56072,0,418.272,7.127083,0,20.89664,24.79074,81.47957,1.010797,1.015008,-5.304871,86.78444,8.003102,1
"2021-05-22 13:49:34.7",1658072,-3.926671,-6.428513,-0.009389266,21.74298,0,418.1738,7.195331,0,21.07217,24.79126,81.48244,1.010792,1.014991,-5.304649,86.78709,7.999031,1
"2021-05-22 13:49:34.8",1658073,-4.121089,-5.767234,-0.04613977,21.57598,0,418.3838,7.147967,0,20.90997,24.79147,81.47968,1.010829,1.015005,-5.306221,86.7859,8.000698,1
"2021-05-22 13:49:34.9",1658074,-4.219778,-6.358135,-0.7616326,21.70641,0,418.1904,7.218443,0,21.03354,24.79236,81.47816,1.0108,1.014975,-5.307907,86.78607,8.000775,1
"2021-05-22 13:49:35",1658075,-4.833408,-7.611588,-0.6798474,21.04214,0,418.3459,7.0596,0,20.38547,24.79144,81.47832,1.010797,1.014991,-5.309616,86.78793,8.000504,1
"2021-05-22 13:49:35.1",1658076,-5.424486,-7.376287,-2.524365,20.48789,0,418.7191,6.884358,0,19.8486,24.78943,81.47855,1.010792,1.014974,-5.309853,86.7884,7.998605,1
"2021-05-22 13:49:35.2",1658077,-5.519888,-6.579478,0.9558703,20.63211,0,418.6996,6.939811,0,19.98743,24.79099,81.47628,1.010793,1.01495,-5.313248,86.78953,7.998208,1
"2021-05-22 13:49:35.3",1658078,-6.056173,-7.70804,0.6118436,21.23732,0,418.4626,7.043481,0,20.58173,24.79004,81.4716,1.010788,1.014991,-5.315918,86.78751,8.001978,1
"2021-05-22 13:49:35.4",1658079,-9.062074,-6.185775,0.1341891,20.87184,0,418.4152,7.03434,0,20.2179,24.78979,81.47244,1.010784,1.01498,-5.31739,86.78983,7.998111,1
"2021-05-22 13:49:35.5",1658080,-6.004847,-6.930087,0.6065864,21.54664,0,418.3074,7.120413,0,20.88321,24.79068,81.47822,1.010781,1.014976,-5.311729,86.78995,8.000117,1
"2021-05-22 13:49:35.6",1658081,-5.431571,-5.463631,1.753995,21.70079,0,418.2802,7.106415,0,21.0383,24.78979,81.47789,1.010778,1.014975,-5.309525,86.78741,8,1
"2021-05-22 13:49:35.7",1658082,-5.526819,-6.185884,1.842996,21.23772,0,418.6184,7.023088,0,20.58401,24.79108,81.47975,1.010826,1.014997,-5.301254,86.78101,7.997675,1
"2021-05-22 13:49:35.8",1658083,-4.812006,-5.201154,-0.7323658,21.62874,0,418.2077,7.106686,0,20.96643,24.78949,81.47647,1.010789,1.014956,-5.297722,86.77419,8.000077,1
"2021-05-22 13:49:35.9",1658084,-7.31919,-5.213973,-1.976878,20.93252,0,418.4854,7.02099,0,20.27963,24.78979,81.47661,1.010778,1.014963,-5.30603,86.78264,7.998373,1
"2021-05-22 13:49:36",1658085,-4.523524,-6.989436,1.180678,21.10205,0,418.547,7.046799,0,20.44644,24.79034,81.47814,1.010821,1.014971,-5.309578,86.78772,7.999904,1
"2021-05-22 13:49:36.1",1658086,-5.356553,-4.162014,0.0622611,20.87506,0,418.5069,7.0172,0,20.22263,24.78909,81.47807,1.010778,1.014968,-5.30983,86.7879,8,1
"2021-05-22 13:49:36.2",1658087,-5.821177,-5.754076,-0.3549863,20.93331,0,418.5843,7.01807,0,20.28073,24.78992,81.47928,1.010797,1.014961,-5.305077,86.78436,7.99845,1
"2021-05-22 13:49:36.3",1658088,-5.797301,-4.990831,-0.04178414,20.91822,0,418.3706,7.027857,0,20.26477,24.7894,81.47832,1.010793,1.014973,-5.306274,86.7846,8.000049,1
"2021-05-22 13:49:36.4",1658089,-4.959322,-3.053495,-1.39385,20.96235,0,418.5306,7.006199,0,20.31079,24.7897,81.47787,1.010797,1.014964,-5.311516,86.78938,7.998333,1
"2021-05-22 13:49:36.5",1658090,-4.520032,-2.707366,-0.6589896,20.87367,0,418.4543,7.015517,0,20.22147,24.78894,81.479,1.010771,1.014966,-5.309746,86.78875,7.998333,1
"2021-05-22 13:49:36.6",1658091,-5.39442,-2.790452,-0.4610644,20.95816,0,418.3843,7.026865,0,20.30469,24.78964,81.4843,1.01079,1.014977,-5.300873,86.78517,7.99816,1
"2021-05-22 13:49:36.7",1658092,-7.46908,-2.135779,-0.7399526,21.183,0,418.4106,7.053558,0,20.52655,24.78894,81.4818,1.010776,1.014957,-5.292923,86.77473,7.998605,1
"2021-05-22 13:49:36.8",1658093,-5.791188,-4.714049,-0.3994417,20.96992,0,418.5108,7.046061,0,20.31467,24.78812,81.48301,1.010797,1.014952,-5.295395,86.7784,8.000272,1
"2021-05-22 13:49:36.9",1658094,-3.576662,-6.288023,-1.106612,21.02907,0,418.4233,7.045129,0,20.37375,24.78891,81.4853,1.010801,1.014978,-5.293663,86.77896,7.998305,1
"2021-05-22 13:49:37",1658095,-5.128898,-4.70048,0.1437447,20.97775,0,418.3777,7.046732,0,20.32236,24.78922,81.48457,1.010803,1.014965,-5.29409,86.77866,8.001861,1
"2021-05-22 13:49:37.1",1658096,-7.038059,-4.522529,0.1615715,20.9598,0,418.352,7.026571,0,20.30637,24.78891,81.48074,1.010792,1.014964,-5.296608,86.77735,7.998605,1
"2021-05-22 13:49:37.2",1658097,-5.388387,-5.349383,-0.7486569,20.92468,0,418.422,7.03246,0,20.27078,24.78775,81.48068,1.010807,1.014985,-5.300247,86.78093,8.000242,1
"2021-05-22 13:49:37.3",1658098,-6.450786,-4.680656,-0.1637653,21.1055,0,418.4634,7.04498,0,20.45004,24.78723,81.4789,1.010801,1.014984,-5.298073,86.77698,7.998489,1
"2021-05-22 13:49:37.4",1658099,-5.84392,-5.315446,-0.06447434,21.03014,0,418.2463,7.054125,0,20.37402,24.78793,81.47944,1.010772,1.014988,-5.297409,86.77685,8.01286,1
"2021-05-22 13:49:37.5",1658100,-4.995678,-6.281289,0.09101691,20.9757,0,418.5084,7.02391,0,20.32245,24.78824,81.47871,1.010797,1.014985,-5.296753,86.77546,8.005042,1
"2021-05-22 13:49:37.6",1658101,-5.175954,-4.868237,-0.1930509,20.93933,0,418.5247,6.99826,0,20.28857,24.78775,81.48163,1.010824,1.014982,-5.292152,86.77378,7.999962,1
"2021-05-22 13:49:37.7",1658102,-5.560905,-4.713559,0.3274558,20.69362,0,418.5599,6.968458,0,20.04614,24.78836,81.48409,1.01078,1.014954,-5.296295,86.78039,7.997965,1
"2021-05-22 13:49:37.8",1658103,-4.813067,-4.425631,2.154198,21.06296,0,418.6168,7.039466,0,20.40805,24.78729,81.48383,1.010813,1.014991,-5.301292,86.78513,8.000155,1
"2021-05-22 13:49:37.9",1658104,-3.8273,-3.886055,1.467302,20.97731,0,418.4911,7.037838,0,20.32278,24.78751,81.48675,1.010824,1.01496,-5.300354,86.7871,7.998489,1
"2021-05-22 13:49:38",1658105,-4.788876,-2.913472,1.101096,20.8243,0,418.4402,7.042157,0,20.16974,24.7865,81.48711,1.010821,1.01499,-5.300323,86.78743,8.000097,1
"2021-05-22 13:49:38.1",1658106,-5.330706,-2.386644,1.106872,21.14567,0,418.4252,7.072516,0,20.48755,24.7876,81.4882,1.010798,1.014983,-5.301216,86.78941,7.998799,1
"2021-05-22 13:49:38.2",1658107,-6.622333,-2.574688,2.51686,21.39674,0,418.2384,7.169217,0,20.72913,24.78659,81.48998,1.010796,1.014987,-5.300301,86.79028,7.998682,1
"2021-05-22 13:49:38.3",1658108,-6.752228,-2.071779,1.353872,21.36866,0,418.238,7.141944,0,20.70361,24.78696,81.49137,1.010812,1.015009,-5.296219,86.78759,7.998402,1
"2021-05-22 13:49:38.4",1658109,-6.875762,-3.269828,0.5380701,21.12378,0,418.3675,7.098641,0,20.46335,24.78757,81.49099,1.010776,1.014985,-5.300629,86.79162,8.000233,1
"2021-05-22 13:49:38.5",1658110,-5.240945,-3.060412,1.569769,21.27849,0,418.3097,7.108995,0,20.6167,24.7865,81.4915,1.010817,1.015007,-5.299026,86.79053,7.998567,1
"2021-05-22 13:49:38.6",1658111,-3.970567,-4.719013,1.401903,21.21713,0,418.5119,7.082201,0,20.55798,24.78625,81.49283,1.010803,1.014982,-5.295624,86.78845,8.000291,1
"2021-05-22 13:49:38.7",1658112,-4.366709,-3.59393,0.5829619,21.29737,0,418.2668,7.136068,0,20.63306,24.78574,81.49062,1.010815,1.014994,-5.297401,86.78802,8.000621,1
"2021-05-22 13:49:38.8",1658113,-6.515431,-4.495362,0.7556313,21.70738,0,418.0182,7.292206,0,21.02765,24.785,81.49152,1.010825,1.015003,-5.297173,86.78869,7.998682,1
"2021-05-22 13:49:38.9",1658114,-5.88104,-3.006441,1.122859,21.83495,0,418.0286,7.26511,0,21.15744,24.78607,81.49335,1.010783,1.014995,-5.296211,86.78956,8.000242,1
"2021-05-22 13:49:39",1658115,-5.838337,-1.887035,0.5856206,21.97285,0,418.1188,7.252022,0,21.29626,24.78601,81.49858,1.01079,1.014988,-5.292221,86.7908,7.998295,1
"2021-05-22 13:49:39.1",1658116,-5.090369,-2.016617,0.3409745,22.01756,0,418.1242,7.298455,0,21.33655,24.7847,81.49597,1.010814,1.015004,-5.293198,86.78917,7.998489,1
"2021-05-22 13:49:39.2",1658117,-6.783121,-1.203658,0.3220955,21.34721,0,418.3253,7.090824,0,20.68695,24.78571,81.49588,1.010826,1.01499,-5.29274,86.78862,8.000242,1
"2021-05-22 13:49:39.3",1658118,-5.829351,-2.624933,0.5348259,21.07451,0,418.4578,7.096465,0,20.41437,24.78656,81.49734,1.010796,1.014984,-5.292358,86.7897,7.998567,1
"2021-05-22 13:49:39.4",1658119,-6.147702,-2.224086,1.075264,21.47488,0,418.278,7.184907,0,20.80569,24.78531,81.49615,1.010813,1.014991,-5.292137,86.78829,7.998014,1
"2021-05-22 13:49:39.5",1658120,-5.298517,-4.866288,0.1849296,21.46902,0,418.0436,7.185192,0,20.7998,24.7851,81.49828,1.010814,1.015036,-5.291489,86.78976,7.999962,1
"2021-05-22 13:49:39.6",1658121,-5.570342,-3.838434,2.82863,21.39459,0,418.1939,7.15124,0,20.72864,24.78442,81.49908,1.01078,1.015005,-5.290558,86.78963,7.998295,1
"2021-05-22 13:49:39.7",1658122,-7.873603,-3.459806,0.3394864,21.25542,0,418.3879,7.080789,0,20.59634,24.7851,81.49495,1.010817,1.014983,-5.293747,86.7887,8.000146,1
"2021-05-22 13:49:39.8",1658123,-6.802158,-3.737798,0.2414017,21.15928,0,418.2492,7.114397,0,20.49728,24.78418,81.49667,1.010807,1.014969,-5.287827,86.78449,7.999923,1
"2021-05-22 13:49:39.9",1658124,-6.376521,-4.032357,1.056075,21.42253,0,418.3387,7.123411,0,20.75909,24.78531,81.49368,1.01079,1.014961,-5.291672,86.78535,7.998295,1
"2021-05-22 13:49:40",1658125,-5.641388,-4.912725,0.1549094,21.67752,0,418.1982,7.205366,0,21.00589,24.784,81.49434,1.010814,1.014944,-5.292336,86.78667,8.012762,1
"2021-05-22 13:49:40.1",1658126,-7.208776,-3.857699,-0.2453556,21.15821,0,418.3358,7.074727,0,20.49988,24.78375,81.49192,1.01079,1.014974,-5.291245,86.78316,8.00512,1
"2021-05-22 13:49:40.2",1658127,-6.65837,-3.710392,-2.075632,20.20443,0,418.6483,6.830294,0,19.57077,24.78549,81.49051,1.010748,1.014989,-5.294357,86.78487,8.000077,1
"2021-05-22 13:49:40.3",1658128,-6.171384,-4.197143,-2.212027,20.30358,0,419.0322,6.824146,0,19.67029,24.78473,81.49193,1.010793,1.014946,-5.294273,86.7862,8.000097,1
"2021-05-22 13:49:40.4",1658129,-6.432567,-2.931074,0.1131861,20.39091,0,418.9831,6.855639,0,19.75452,24.78561,81.48933,1.010855,1.015002,-5.294197,86.78352,7.999768,1
"2021-05-22 13:49:40.5",1658130,-6.969862,-5.746188,-1.20751,21.13449,0,418.5172,7.023954,0,20.48093,24.78403,81.48765,1.010806,1.014966,-5.289124,86.77677,8,1
"2021-05-22 13:49:40.6",1658131,-6.046318,-6.761234,-0.431037,21.24169,0,418.4586,7.115726,0,20.57938,24.78375,81.48762,1.010831,1.014968,-5.292465,86.78008,7.999904,1
"2021-05-22 13:49:40.7",1658132,-7.920587,-5.897999,1.172743,21.49792,0,418.2895,7.093878,0,20.83704,24.7836,81.48157,1.010792,1.014957,-5.29985,86.78142,7.998295,1
"2021-05-22 13:49:40.8",1658133,-8.315409,-5.900782,0.1593843,20.31968,0,418.899,6.819317,0,19.68677,24.78525,81.47812,1.010794,1.014951,-5.29866,86.77678,8.001552,1
"2021-05-22 13:49:40.9",1658134,-10.04741,-6.483391,0.008949589,20.64407,0,418.9092,6.889123,0,20.004,24.78421,81.47874,1.010823,1.014987,-5.299202,86.77794,8,1
"2021-05-22 13:49:41",1658135,-8.848792,-5.90482,-0.1792499,20.53014,0,418.602,6.873079,0,19.89182,24.7851,81.47839,1.010785,1.014996,-5.299477,86.77786,7.997946,1
"2021-05-22 13:49:41.1",1658136,-9.086137,-5.081566,0.0206697,20.66641,0,418.6674,6.912529,0,20.02417,24.78552,81.47782,1.010827,1.014993,-5.299553,86.77737,7.999651,1
"2021-05-22 13:49:41.2",1658137,-9.985938,-5.577796,-0.1952883,20.84125,0,418.945,6.937718,0,20.19626,24.7851,81.47633,1.010842,1.014998,-5.303581,86.77991,7.999855,1
"2021-05-22 13:49:41.3",1658138,-8.696424,-5.22903,-0.1000547,20.64903,0,418.5835,6.943655,0,20.00394,24.78491,81.47398,1.010816,1.014995,-5.296898,86.77087,8,1
"2021-05-22 13:49:41.4",1658139,-9.464201,-5.916067,-1.525416,20.83955,0,418.5444,6.949686,0,20.19348,24.78333,81.47145,1.010794,1.014988,-5.28756,86.75901,7.998644,1
"2021-05-22 13:49:41.5",1658140,-11.04264,-6.785137,-1.091114,20.16689,0,418.9522,6.83231,0,19.53314,24.78403,81.46943,1.010809,1.014961,-5.286812,86.75624,8.000533,1
"2021-05-22 13:49:41.6",1658141,-10.48042,-7.551156,-0.9881142,20.0183,0,418.9261,6.773088,0,19.39035,24.78351,81.46631,1.010784,1.014952,-5.304535,86.77084,7.99876,1
"2021-05-22 13:49:41.7",1658142,-10.33875,-7.871188,0.07513073,20.40531,0,418.8044,6.837366,0,19.77054,24.78406,81.46497,1.010803,1.014973,-5.319344,86.78431,8.00034,1
"2021-05-22 13:49:41.8",1658143,-9.652429,-4.857081,-2.223886,20.50002,0,418.8995,6.850963,0,19.8638,24.78333,81.46643,1.01081,1.014971,-5.313744,86.78017,7.998682,1
"2021-05-22 13:49:41.9",1658144,-11.28839,-4.285185,-0.3754109,20.6843,0,418.6487,6.910833,0,20.04214,24.78253,81.46808,1.010793,1.014958,-5.308784,86.77686,8.000465,1
